# Created by Octave 3.8.2, Mon Jul 25 10:43:59 2016 BST <sean@Dextrose>
# name: slopes
# type: matrix
# rows: 4
# columns: 41
 -0.005177744811779218 -0.005095261077294413 -0.005012777342809607 -0.004930293608324802 -0.004847809873839997 -0.0047653261393552 -0.004682842404870377 -0.00460035867038558 -0.004517874935900774 -0.004435391201415968 -0.004352907466931155 -0.004270423732446358 -0.004187939997961544 -0.004105456263476738 -0.004022972528991941 -0.003940488794507119 -0.003858005060022322 -0.003775521325537524 -0.003693037591052702 -0.003610553856567905 -0.003528070122083108 -0.003445586387598294 -0.003363102653113488 -0.003280618918628691 -0.003198135184143886 -0.003115651449659072 -0.003033167715174266 -0.002950683980689452 -0.002868200246204647 -0.00278571651171985 -0.002703232777235036 -0.00262074904275023 -0.002538265308265429 -0.002455781573780619 -0.002373297839295818 -0.002290814104811012 -0.002208330370326211 -0.002125846635841401 -0.002043362901356596 -0.00196087916687179 -0.001878395432386981
 -0.002336279709969515 -0.00228928115260115 -0.002242282595232785 -0.002195284037864406 -0.002148285480496055 -0.002101286923127689 -0.002054288365759311 -0.002007289808390952 -0.001960291251022587 -0.001913292693654222 -0.00186629413628585 -0.001819295578917491 -0.00177229702154912 -0.001725298464180761 -0.001678299906812389 -0.001631301349444024 -0.001584302792075666 -0.001537304234707294 -0.001490305677338929 -0.001443307119970563 -0.001396308562602191 -0.001349310005233826 -0.001302311447865461 -0.001255312890497096 -0.001208314333128731 -0.001161315775760359 -0.001114317218391993 -0.001067318661023628 -0.001020320103655263 -0.0009733215462868979 -0.0009263229889185259 -0.0008793244315501607 -0.0008323258741817956 -0.0007853273168134304 -0.0007383287594450584 -0.0006913302020766933 -0.000644331644708328 -0.0005973330873399594 -0.0005503345299715943 -0.0005033359726032291 -0.0004563374152348639
 -0.007944856298667832 -0.00788949313237427 -0.00783412996608069 -0.007778766799787149 -0.007723403633493588 -0.007668040467200007 -0.007612677300906466 -0.007557314134612905 -0.007501950968319383 -0.007446587802025803 -0.007391224635732241 -0.007335861469438681 -0.007280498303145119 -0.007225135136851578 -0.007169771970558017 -0.007114408804264465 -0.007059045637970914 -0.007003682471677353 -0.006948319305383773 -0.006892956139090231 -0.00683759297279667 -0.006782229806503109 -0.006726866640209547 -0.006671503473915996 -0.006616140307622436 -0.006560777141328884 -0.006505413975035314 -0.006450050808741762 -0.006394687642448211 -0.00633932447615464 -0.006283961309861099 -0.006228598143567537 -0.006173234977273986 -0.006117871810980415 -0.006062508644686855 -0.006007145478393313 -0.005951782312099752 -0.005896419145806191 -0.00584105597951264 -0.005785692813219088 -0.005730329646925518
 -0.003821776767329216 -0.003794708159631188 -0.003767639551933123 -0.003740570944235083 -0.003713502336537042 -0.003686433728839002 -0.003659365121140961 -0.00363229651344292 -0.003605227905744891 -0.003578159298046851 -0.003551090690348798 -0.003524022082650758 -0.003496953474952717 -0.003469884867254676 -0.003442816259556624 -0.003415747651858583 -0.003388679044160543 -0.00336161043646249 -0.00333454182876445 -0.003307473221066397 -0.003280404613368357 -0.003253336005670316 -0.003226267397972287 -0.003199198790274246 -0.003172130182576194 -0.003145061574878153 -0.003117992967180112 -0.003090924359482072 -0.003063855751784019 -0.003036787144085973 -0.003009718536387938 -0.002982649928689898 -0.002955581320991857 -0.002928512713293816 -0.00290144410559577 -0.002874375497897729 -0.002847306890199688 -0.002820238282501642 -0.002793169674803601 -0.002766101067105561 -0.002739032459407514


