# Created by Octave 3.8.2, Tue Apr 25 10:55:03 2017 BST <sean@Dextrose>
# name: slopes
# type: matrix
# rows: 4
# columns: 41
 -7.474008500729703 -7.332794811939582 -7.191581123149561 -7.050367434359439 -6.909153745569418 -6.767940056779295 -6.626726367989274 -6.485512679199253 -6.344298990409132 -6.203085301619111 -6.061871612828988 -5.920657924038967 -5.779444235248946 -5.638230546458724 -5.497016857668703 -5.35580316887858 -5.214589480088559 -5.073375791298639 -4.932162102508417 -4.790948413718396 -4.649734724928375 -4.508521036138252 -4.36730734734813 -4.22609365855816 -4.084879969768139 -3.943666280977967 -3.802452592187946 -3.661238903397874 -3.520025214607752 -3.378811525817731 -3.237597837027659 -3.096384148237537 -2.955170459447516 -2.813956770657445 -2.672743081867424 -2.531529393077302 -2.390315704287281 -2.249102015497159 -2.107888326707087 -1.966674637917066 -1.825460949126995
 -5.230601241325694 -5.101389022236597 -4.972176803147645 -4.842964584058405 -4.713752364969452 -4.584540145880355 -4.455327926791259 -4.326115707702307 -4.196903488613355 -4.067691269524259 -3.938479050435162 -3.809266831346138 -3.680054612257042 -3.550842393168089 -3.421630174079065 -3.292417954989969 -3.163205735901016 -3.033993516811992 -2.904781297722896 -2.775569078633799 -2.646356859544703 -2.517144640455607 -2.387932421366655 -2.25872020227763 -2.129507983188606 -2.000295764099654 -1.871083545010557 -1.741871325921533 -1.612659106832509 -1.483446887743412 -1.354234668654316 -1.22502244956522 -1.095810230476267 -0.9665980113872431 -0.8373857922981468 -0.7081735732091224 -0.5789613541201702 -0.4497491350310379 -0.3205369159420136 -0.1913246968529533 -0.06211247776392895
 -10.14467405001101 -10.04962907627647 -9.954584102542089 -9.859539128807629 -9.764494155073251 -9.66944918133871 -9.574404207604333 -9.479359233870037 -9.384314260135659 -9.289269286401199 -9.194224312666741 -9.099179338932199 -9.004134365197821 -8.909089391463443 -8.814044417728985 -8.718999443994525 -8.623954470260228 -8.528909496525769 -8.433864522791309 -8.338819549056769 -8.243774575322391 -8.148729601588013 -8.053684627853553 -7.958639654119176 -7.863594680384717 -7.768549706650338 -7.673504732915798 -7.57845975918142 -7.483414785447042 -7.388369811712582 -7.293324837978205 -7.198279864243745 -7.103234890509367 -7.008189916774908 -6.913144943040489 -6.818099969306071 -6.723054995571612 -6.628010021837234 -6.532965048102774 -6.437920074368397 -6.342875100633896
 -8.068928006243068 -7.977491634503736 -7.886055262764001 -7.794618891024401 -7.70318251928507 -7.611746147545469 -7.520309775805869 -7.428873404066538 -7.337437032326937 -7.246000660587471 -7.154564288847736 -7.063127917108405 -6.971691545368804 -6.880255173629204 -6.788818801889739 -6.697382430150205 -6.60594605841074 -6.514509686671206 -6.423073314931673 -6.331636943192072 -6.240200571452607 -6.148764199713007 -6.057327827973541 -5.965891456234143 -5.874455084494475 -5.783018712755009 -5.691582341015476 -5.600145969275943 -5.508709597536342 -5.417273225796876 -5.325836854057276 -5.234400482317811 -5.142964110578277 -5.051527738838812 -4.960091367099211 -4.868654995359678 -4.777218623620212 -4.685782251880679 -4.594345880141079 -4.502909508401613 -4.41147313666208


