# Created by Octave 3.8.2, Wed Jul 20 10:39:57 2016 BST <sean@Dextrose>
# name: flatnesses
# type: matrix
# rows: 4
# columns: 151
 0.002763047033202696 0.002975751221028504 0.003204361376348832 0.003449988592142784 0.003713808163848869 0.003997060869428093 0.004301053752299854 0.004627160277622186 0.004976819709952656 0.005351535534957922 0.00575287271937774 0.006182453571808746 0.006641951932085502 0.007133085379302849 0.007657605108285667 0.008217283082338817 0.008813896027610981 0.009449205793165386 0.01012493556339043 0.0108427413791506 0.01160417840565342 0.01241066138432306 0.01326341873051827 0.0141634397979353 0.01511141493503035 0.01610766812155614 0.01715208220853032 0.01824401710757876 0.01938222170013468 0.020564740775686 0.02178881896857065 0.02305080444385234 0.02434605597111744 0.02566885798966914 0.02701234925605179 0.02836847159468019 0.02972794603479617 0.03108028407408696 0.03241384180163656 0.03371592397339532 0.03497294370958219 0.03617064116760221 0.03729436130848467 0.03832938680725272 0.03926131748829936 0.04007648277775729 0.04076236907164774 0.0413080402196363 0.04170452711808765 0.04194516218794796 0.04202583656907723 0.04194516218794796 0.04170452711808765 0.0413080402196363 0.04076236907164773 0.04007648277775729 0.03926131748829936 0.03832938680725272 0.03729436130848469 0.03617064116760221 0.03497294370958218 0.03371592397339532 0.03241384180163656 0.03108028407408696 0.02972794603479616 0.02836847159468018 0.02701234925605177 0.02566885798966912 0.02434605597111743 0.02305080444385233 0.02178881896857064 0.020564740775686 0.01938222170013467 0.01824401710757876 0.01715208220853032 0.01610766812155614 0.01511141493503035 0.0141634397979353 0.01326341873051827 0.01241066138432306 0.01160417840565342 0.0108427413791506 0.01012493556339043 0.009449205793165383 0.008813896027610978 0.008217283082338813 0.007657605108285667 0.00713308537930285 0.006641951932085502 0.006182453571808745 0.005752872719377737 0.005351535534957924 0.004976819709952657 0.004627160277622184 0.00430105375229985 0.003997060869428089 0.003713808163848869 0.003449988592142783 0.003204361376348832 0.002975751221028504 0.002763047033202697 0.002565200254982043 0.002381222901500968 0.002210185381815767 0.00205121416750221 0.00190348936256358 0.00176624221872475 0.001638752632047332 0.001520346649878409 0.00141039401128159 0.001308305739152234 0.001213531798062663 0.001125558828407284 0.001043907964524557 0.0009681327420779013 0.0008978170980072543 0.0008325734647532024 0.0007720409591512602 0.0007158836653475254 0.0006637890102576376 0.0006154662294439334 0.000570644920790819 0.0005290736829902516 0.0004905188355860907 0.0004547632171494424 0.0004216050580513862 0.0003908569242513552 0.000362344728517823 0.0003359068055334111 0.0003113930474012161 0.000288664096156465 0.0002675905899920715 0.0002480524600237169 0.0002299382745459709 0.0002131446278626079 0.0001975755709091387 0.0001831420810216282 0.0001697615683414686 0.0001573574164796145 0.0001458585551948483 0.0001351990629681481 0.0001253177974785821 0.0001161580521049329 0.0001076672366911706 9.979658092275608e-05 9.250085876447981e-05 8.573813250910433e-05 7.946951507950846e-05 7.365894931542001e-05 6.827300305928399e-05 6.328067893448573e-05
 0.001642590892108163 0.001764041491523849 0.001894410048800776 0.002034338946731533 0.00218451421977941 0.00234566794194688 0.002518580607946464 0.002704083467165356 0.002903060758301999 0.003116451778303861 0.003345252701828001 0.003590518046274672 0.003853361651819201 0.004134957015014947 0.004436536777613442 0.00475939112834906 0.005104864823658901 0.005474352472809812 0.00586929166301088 0.006291153420464086 0.006741429414184843 0.007221615211950976 0.007733188794421014 0.008277583428775298 0.008856153904398093 0.00947013505106282 0.01012059141056936 0.01080835693764862 0.01153396369431308 0.012297558711008 0.01309880856363355 0.0139367918107616 0.01480988030706828 0.01571561161126036 0.01665055627965845 0.01761018578932059 0.01858874912277782 0.01957916854482465 0.02057296757599376 0.02156024625239546 0.02252971995874781 0.02346883782794988 0.02436399428753603 0.02520084227950346 0.02596470875442325 0.02664110250310688 0.02721629214830459 0.02767791977209114 0.02801560533408438 0.02822149103422286 0.02829067499676645 0.02822149103422286 0.02801560533408438 0.02767791977209114 0.02721629214830459 0.02664110250310688 0.02596470875442326 0.02520084227950346 0.02436399428753604 0.02346883782794989 0.02252971995874781 0.02156024625239546 0.02057296757599376 0.01957916854482466 0.01858874912277782 0.01761018578932058 0.01665055627965844 0.01571561161126035 0.01480988030706826 0.01393679181076158 0.01309880856363354 0.01229755871100799 0.01153396369431308 0.01080835693764862 0.01012059141056936 0.009470135051062822 0.008856153904398091 0.008277583428775302 0.007733188794421012 0.007221615211950976 0.006741429414184845 0.00629115342046409 0.005869291663010878 0.005474352472809809 0.0051048648236589 0.004759391128349061 0.004436536777613443 0.004134957015014945 0.0038533616518192 0.003590518046274672 0.003345252701828002 0.003116451778303862 0.002903060758301999 0.002704083467165355 0.002518580607946462 0.002345667941946878 0.002184514219779411 0.002034338946731533 0.001894410048800777 0.001764041491523849 0.001642590892108164 0.00152945715594955 0.001424078161004153 0.001325928507356269 0.001234517344419962 0.001149386284308121 0.001070107406813447 0.0009962813590194807 0.0009275355506702815 0.0008635224449719496 0.0008039179433931525 0.0007484198622063007 0.0006967464979096839 0.0006486352782479874 0.000603841495266963 0.0005621371166675549 0.0005233096716411023 0.0004871612073507486 0.0004535073122591002 0.0004221762025757754 0.0003930078682007141 0.0003658532746618568 0.0003405736176826526 0.0003170396271608041 0.0002951309174907185 0.0002747353813152294 0.0002557486239449317 0.000238073435834118 0.0002216193006494646 0.0002063019366103292 0.0001920428689170644 0.0001787690312156757 0.0001664123941731646 0.0001549096193578459 0.000144201736732782 0.0001342338441782744 0.0001249548275612066 0.0001163170999650987 0.000108276358785194 0.0001007913594779741 9.382370483441775e-05 8.733764872130457e-05 8.129991330518184e-05 7.567951883948105e-05 7.044762515693701e-05 6.557738406716884e-05 6.104380191323696e-05 5.682361159143118e-05 5.289515338566847e-05 4.923826401189731e-05 4.583417330900108e-05
