# Created by Octave 3.8.2, Tue Jul 26 10:24:54 2016 BST <sean@Dextrose>
# name: irregs
# type: matrix
# ndims: 3
 3 201 4
 0.2528627044704067
 0.8978522305348495
 0.1727662895758263
 0.2501541389651359
 0.8961647085572317
 0.172008466577217
 0.247478341869401
 0.8944503934150602
 0.1712510976471583
 0.2448348924313545
 0.8927089126674498
 0.1704942051678469
 0.2422233752436176
 0.8909398909488477
 0.1697378107777609
 0.2396433801660834
 0.8891429500441382
 0.1689819353543021
 0.2370945022495189
 0.8873177089688777
 0.1682265989966366
 0.234576341659948
 0.8854637840548293
 0.1674718210087474
 0.2320885036038003
 0.8835807890409588
 0.1667176198827157
 0.2296305982538047
 0.8816683351700709
 0.1659640132822453
 0.2272022406756161
 0.8797260312912514
 0.1652110180264457
 0.2248030507551548
 0.8777534839682918
 0.1644586500738915
 0.2224326531266434
 0.8757502975942695
 0.1637069245069732
 0.2200906771013237
 0.8737160745124607
 0.1629558555165544
 0.2177767565968375
 0.8716504151437588
 0.1622054563869562
 0.2154905300672542
 0.8695529181207785
 0.1614557394812812
 0.2132316404337278
 0.8674231804288176
 0.1607067162270969
 0.2109997350157688
 0.8652607975538534
 0.1599583971024957
 0.2087944654631107
 0.8630653636377523
 0.1592107916225481
 0.2066154876881578
 0.8608364716408565
 0.1584639083261666
 0.2044624617989947
 0.8585737135121321
 0.1577177547634001
 0.2023350520329429
 0.8562766803670382
 0.1569723374831747
 0.2002329266906456
 0.8539449626732879
 0.1562276620215003
 0.1981557580706657
 0.8515781504446651
 0.1554837328901598
 0.1961032224045778
 0.8491758334430599
 0.1547405535659026
 0.1940749997925393
 0.8467376013888712
 0.153998126480156
 0.1920707741393222
 0.8442630441799357
 0.1532564530092778
 0.190090233090788
 0.8417517521191253
 0.1525155334653643
 0.18813306797079
 0.8392033161507519
 0.1517753670876363
 0.1861989737184846
 0.8366173281059122
 0.1510359520344184
 0.184287648826033
 0.8339933809569011
 0.1502972853757313
 0.1823987952766787
 0.8313310690808057
 0.149559363086515
 0.1805321184831798
 0.8286299885323894
 0.148822180040502
 0.1786873272265806
 0.8258897373263658
 0.1480857300047567
 0.176864133595303
 0.8231099157291452
 0.1473500056349003
 0.1750622529245411
 0.8202901265601319
 0.146614998471037
 0.1732814037359394
 0.817429975502635
 0.1458806989344002
 0.1715213076775371
 0.8145290714244385
 0.1451470963247337
 0.1697816894639592
 0.8115870267080691
 0.1444141788184249
 0.1680622768168363
 0.8086034575907783
 0.1436819334674054
 0.1663628004054337
 0.8055779845142438
 0.1429503461988332
 0.1646829937874715
 0.8025102324839704
 0.1422194018155725
 0.163022593350115
 0.799399831438365
 0.1414890839974819
 0.1613813382511169
 0.7962464166274225
 0.1407593753035256
 0.1597589703600921
 0.7930496290009599
 0.1400302571747187
 0.1581552341999028
 0.7898091156062931
 0.1393017099379158
 0.1565698768881364
 0.7865245299952455
 0.138573712810454
 0.155002648078654
 0.7831955326403407
 0.1378462439056578
 0.1534532999031897
 0.7798217913600192
 0.1371192802392109
 0.1519215869129787
 0.7764029817526764
 0.1363927977364018
 0.1504072660203933
 0.7729387876393113
 0.1356667712402464
 0.1489100964405662
 0.7694289015145312
 0.1349411745204875
 0.1474298396329774
 0.765873025005638
 0.1342159802834725
 0.1459662592429839
 0.76227086933949
 0.133491160182906
 0.1445191210432685
 0.7586221558167967
 0.1327666848314725
 0.143088192875186
 0.7549266162934833
 0.132042523813322
 0.1416732445899823
 0.7511839936687177
 0.1313186456974086
 0.1402740479898636
 0.7473940423791672
 0.130595018051669
 0.1388903767688912
 0.7435565288990171
 0.129871607458026
 0.1375220064536772
 0.7396712322452464
 0.1291483795281975
 0.1361687143438572
 0.7357379444876232
 0.1284252989202887
 0.1348302794523138
 0.7317564712628508
 0.1277023293561419
 0.1335064824451247
 0.7277266322922531
 0.1269794336394141
 0.1321971055812112
 0.7236482619023622
 0.1262565736743483
 0.1309019326516577
 0.7195212095477279
 0.1255337104852006
 0.1296207489186769
 0.7153453403352419
 0.1248108042362811
 0.1283533410541929
 0.711120535549231
 0.1240878142525601
 0.1270994970780122
 0.7068466931765426
 0.1233646990407881
 0.1258590062955565
 0.7025237284308169
 0.1226414163110712
 0.1246316592351249
 0.6981515742751041
 0.1219179229988401
 0.123417247584659
 0.6937301819419617
 0.1211941752871417
 0.1222155641279763
 0.6892595214501386
 0.1204701286291799
 0.1210264026804452
 0.6847395821169252
 0.1197457377710231
 0.1198495580240651
 0.6801703730652338
 0.1190209567743915
 0.1186848258419232
 0.6755519237244445
 0.1182957390394283
 0.1175320026519928
 0.6708842843240468
 0.1175700373273531
 0.116390885740238
 0.6661675263790885
 0.1168438037828883
 0.1152612730929942
 0.6614017431664354
 0.1161169899563416
 0.1141429633285838
 0.6565870501908447
 0.1153895468252184
 0.113035755628136
 0.6517235856398593
 0.1146614248152323
 0.1119394496655693
 0.6468115108265247
 0.1139325738205713
 0.110853845536703
 0.6418510106189634
 0.1132029432232694
 0.1097787436874555
 0.6368422938558413
 0.1124724819115244
 0.108713944841092
 0.6317855937468007
 0.1117411382967939
 0.1076592499244815
 0.6266811682569621
 0.1110088603294911
 0.1066144599933193
 0.6215293004746441
 0.1102755955130943
 0.105579376156276
 0.6163302989614952
 0.1095412909164728
 0.1045537994980269
 0.6110844980843
 0.108805893184223
 0.1035375310011195
 0.6057922583277856
 0.108069348544798
 0.102530371466632
 0.6004539665878401
 0.1073316028162054
 0.1015321214335787
 0.5950700364446415
 0.1065926014090361
 0.1005425810970113
 0.5896409084153089
 0.105852289326579
 0.0995615502247718
 0.584167050185789
 0.1051106111617658
 0.09858882807284319
 0.5786489568218403
 0.104367511090678
 0.09762421329924911
 0.5730871509590986
 0.1036229328623452
 0.09666750387644941
 0.5674821829723837
 0.1028768197845449
 0.09571849700217833
 0.5618346311245649
 0.1021291147053134
 0.09477698900866997
 0.5561451016954995
 0.1013797599898647
 0.09384277527021517
 0.5504142290917567
 0.1006286974926042
 0.09291565010899192
 0.5446426759380623
 0.09987586852392027
 0.09199540669911012
 0.53883113315163
 0.09912121381142747
 0.09108183696881017
 0.5329803200008069
 0.098364673455326
 0.09017473150075342
 0.5270909841497248
 0.09760618687754095
 0.08927387943034029
 0.5211639016909421
 0.09684569276429586
 0.08837906834199157
 0.5151998771683642
 0.096083129001773
 0.08749008416332495
 0.5091997435930606
 0.09531843260450863
 0.08660671105715875
 0.5031643624549319
 0.09455153963617155
 0.0857287313112723
 0.4970946237335497
 0.09378238512236961
 0.08485592522585068
 0.490991445911866
 0.09301090295513464
 0.08398807099853933
 0.4848557759968829
 0.09223702578873373
 0.08312494460703351
 0.478688589551793
 0.09146068492646485
 0.08226631968912312
 0.4724908907445221
 0.09068181019809583
 0.08141196742011469
 0.4662637124180578
 0.08990032982762014
 0.08056165638754657
 0.4600081161883959
 0.08911617029100949
 0.07971515246311445
 0.4537251925764202
 0.08832925616365947
 0.07887221867172033
 0.4474160611804987
 0.08753950995724168
 0.078032615057556
 0.4410818708970828
 0.08674685194569222
 0.07719609854713054
 0.4347238001970851
 0.08595119998009378
 0.07636242280914744
 0.4283430574663191
 0.08515246929223083
 0.07553133811113688
 0.4219408814187842
 0.0843505722866305
 0.07470259117274364
 0.4155185415920806
 0.08354541832093457
 0.07387592501556972
 0.409077338934736
 0.08273691347448686
 0.07305991105118935
 0.4026186064957114
 0.08192577387555086
 0.07231650265138412
 0.3961437102268174
 0.08111780746387307
 0.07157667540327171
 0.3896540499092298
 0.08030673541525156
 0.07084022189945351
 0.3831510602157099
 0.07949248051880727
 0.07010693212269491
 0.3766362119205253
 0.07867496268821313
 0.06937659332724784
 0.3701110132694176
 0.07785409874137822
 0.06864898991750497
 0.3635770115222582
 0.07702980217173802
 0.06792390332390678
 0.3570357946812807
 0.07620198291151019
 0.06720111187601907
 0.3504889934179455
 0.07537054708734943
