# Created by Octave 3.8.2, Wed Jul 20 10:41:41 2016 BST <sean@Dextrose>
# name: parities
# type: matrix
# rows: 4
# columns: 101
 1.120825182805301 1.141449196063835 1.175599047362843 1.223183648732146 1.283943675687049 1.357456162218942 1.44314415071527 1.54029094215708 1.64805823865308 1.76550727525862 1.891621916100626 2.02533264742284 2.165540434757867 2.311139512766158 2.461038328481174 2.614178042900392 2.769548192859475 2.926199307621494 3.083252448782628 3.239905788404593 3.395438453580001 3.549211944694405 3.700669481362165 3.849333648441436 3.994802709961866 4.136745936930103 4.274898261315512 4.409054527947754 4.539063572620867 4.664822311514515 4.78626998634196 4.903382672856084 5.016168128277899 5.124661026137924 5.228918604853972 5.329016738777152 5.425046426942677 5.517110684813093 5.60532181733487 5.689799047102907 5.770666468845426 5.848051300367518 5.92208240015052 5.992889022685127 6.060599784064689 6.125341812179566 6.18724005787695 6.246416745563883 6.302990943846968 6.357078238857908 6.40879049486716 6.458235688611936 6.505517805444637 6.550736786937259 6.593988520956749 6.635364866460354 6.674953706356024 6.712839022740979 6.749100989680978 6.783816079435564 6.817057178680151 6.848893711835435 6.879391769097081 6.908614237173858 6.936620931097613 6.963468725772115 6.989211686185682 7.01390119543144 7.037586079863616 7.060312730873687 7.082125222900263 7.103065427395179 7.123173122557978 7.142486098725426 7.161040259363232 7.178869717656608 7.196006888735998 7.212482577605933 7.228326062869726 7.243565176361767 7.258226378813496 7.272334831689408 7.2859144653365 7.298988043594905 7.311577225019574 7.323702620863199 7.335383849969516 7.346639590723848 7.357487630204606 7.367944910675679 7.378027573555356 7.387751000992488 7.397129855176034 7.406178115498582 7.414909113689567 7.423335567028522 7.431469609743597 7.439322822695454 7.446906261441674 7.454230482771961 7.461305569799733
 1.398025544615162 1.404614059441394 1.418880535178143 1.440835119331572 1.470485725053576 1.507838021877528 1.552895428074861 1.605659104645271 1.666127950951138 1.734298602004505 1.810165427412745 1.893720531986774 1.984953758013376 2.083852689190965 2.190402656225784 2.304586744083299 2.426385800887266 2.555778448456661 2.692741094468495 2.837247946232247 2.989271026059509 3.148780188210264 3.315743137395121 3.490125448810709 3.671890589683491 3.86099994229517 4.057412828461059 4.261086535430804 4.471976343179159 4.690035553052676 4.915215517736617 5.14746567250468 5.38673356771273 5.632964902496219 5.886103559629642 6.146091641505095 6.412869507185842 6.686375810489657 6.966547539055697 7.253320054347818 7.54662713254626 7.84640100627905 8.152572407143722 8.465070608969441 8.78382347176909 9.108757486330632 9.439797819396677 9.776868359380966 10.11989176257054 10.46878949976218 10.82348190328193 11.18388821433645 11.54992663064561 11.92151435430556 12.29856763983229 12.68100184233604 13.06873146577756 13.46167021125769 13.85973102529262 14.26282614802795 14.67086716134535 15.08376503681669 15.50143018346139 15.92377249526386 16.3507013984086 16.78212589819232 17.2179546255729 17.65809588331656 18.10245769170596 18.55094783377286 19.0034739000206 19.45994333260281 19.92026346892632 20.38434158464723 20.85208493603099 21.32340080164836 21.79819652338078 22.27637954670994 22.75785746026797 23.24253803462583 23.7303292602993 24.22113938495302 24.71487694978466 25.21145082507278 25.71077024487315 26.2127448408499 26.71728467522895 27.22430027286305 27.73370265239845 28.2454033565351 28.75931448137317 29.27534870484025 29.79341931419461 30.31344023260115 30.83532604477807 31.35899202171306 31.88435414444925 32.41132912694204 32.93983443798917 33.46978832223715 34.00110982026838
 3.097141911854194 3.239265091482077 3.334514021468927 3.369607190182611 3.33685930579126 3.236642865318312 3.077639706465074 2.874660004013133 2.645050039251482 2.405222564035267 2.168394460696486 1.943769521309276 1.736795614561585 1.549955512042727 1.38366815313311 1.237070953365302 1.108605781388286 0.9964153504632239 0.8985894078493211 0.8133045111992107 0.7388940254867377 0.6738751873451638 0.6169513985422922 0.5670013551578985 0.5230620863579453 0.4843100142620511 0.4500422890831278 0.4196595297863414 0.3926504442957628 0.3685784363960447 0.3470701138694414 0.3278055219287407 0.3105098934226289 0.2949467060297567 0.2809118510954398 0.2682287399464976 0.2567441964951083 0.2463250071242338 0.2368550190135564 0.228232695761982 0.2203690543500055 0.2131859203290967 0.2066144488817608 0.2005938683459841 0.1950704102133739 0.189996395738624 0.1853294543553727 0.1810318532650531 0.1770699210067271 0.1734135506568094 0.1700357706553113 0.1669123731979947 0.1640215917440315 0.1613438205256879 0.158861370058656 0.1565582535785943 0.1544200001036186 0.1524334904704426 0.1505868132353358 0.1488691377878752 0.1472706024102659 0.1457822153398305 0.1443957671670711 0.1431037531346665 0.1418993041006888 0.1407761250978027 0.1397284405639551 0.1387509454429084 0.1378387614582081 0.1369873979544737 0.1361927167775467 0.1354509007319127 0.1347584252115408 0.1341120326501922 0.1335087094804765 0.1329456653284434 0.1324203142031001 0.1319302574686215 0.1314732684117784 0.1310472782387217 0.1306503633541787 0.1302807337926872 0.1299367226860362 0.1296167766638635 0.1293194470956075 0.1290433820919263 0.1287873191924475 0.128550078674445 0.1283305574238847 0.1281277233163485 0.1279406100607233 0.1277683124633299 0.1276099820744153 0.1274648231827248 0.1273320891272441 0.127211078898221 0.1271011340022733 0.1270016355687936 0.1269120016770341 0.1268316848851807 0.1267601699444717
 0.6101915512729884 0.5802992601888177 0.6009876167808594 0.6772260246660367 0.8140143489802983 1.016289634510461 1.288815960466812 1.636058297123346 2.062042414658445 2.570204269474069 3.163233781647442 3.842919401392128 4.610001186167659 5.464041088914531 6.403319598979757 7.424767607740383 8.523941271304498 9.695045680037282 10.93101039745251 12.22361659797777 13.56367192069292 14.94122564296766 16.34581376068807 17.76672139242905 19.19324885227853 20.61496786454318 22.02195566892459 23.40499698847225 24.75574670162275 26.06684922071386 27.33201368607832 28.54604684550183 29.70484769790462 30.80536953008665 31.84555585126187 32.82425699119434 33.74113388303351 34.59655493481758 35.39149104010642 36.1274128110722 36.80619313659185 37.43001724687662 38.00130165241359 38.52262264339399 38.99665449349178 39.42611710324322 39.81373252970325 40.16218966260359 40.4741162036366 40.75205706608303 40.99845831996674 41.21565584888202 41.40586794685603 41.57119115787795 41.71359874012113 41.83494121642086 41.93694854884756 42.0212335460777 42.08929617650567 42.14252851713844 42.18222011824272 42.20956360675694 42.22566038813459 42.23152633714642 42.22809739388252 42.21623500240676 42.19673134683986 42.17031435365283 42.13765244015669 42.09935899803016 42.05599660763735 42.00808098419225 41.95608466082325 41.90044041652564 41.84154445907139 41.77975937434768 41.71541685446331 41.64882021740948 41.58024673118989 41.50994975521802 41.43816071148334 41.36509089756063 41.29093315301994 41.21586339021848 41.14004199984599 41.06361514096893 40.98671592469397 40.90946549995366 40.83197404931882 40.75434170216727 40.67665937198918 40.59900952409034 40.52146687946605 40.44409906015985 40.36696718099406 40.2901263921614 40.21362637679823 40.1375118073187 40.06182276397406 39.98659511881094 39.9118608879353


