# Created by Octave 3.8.2, Tue Aug 09 14:39:04 2016 BST <sean@Dextrose>
# name: centroids
# type: matrix
# rows: 4
# columns: 101
 1055.663345228558 1063.891790801617 1076.424810877428 1091.401895111707 1108.197499110946 1126.414486707044 1145.828550618525 1166.295229950447 1187.727606491647 1210.049942717983 1233.192076339694 1257.122040198163 1281.790992501585 1307.168127823963 1333.234816583077 1359.968255558876 1387.345347501806 1415.344461108174 1443.941912392501 1473.121413840176 1502.873074245947 1533.188388674216 1564.059719493752 1595.47991540402 1627.443644814752 1659.949241908557 1692.995229398689 1726.577027800962 1760.693359517373 1795.344378257162 1830.530669660014 1866.25117867024 1902.506389019072 1939.298641192374 1976.629455754955 2014.501448107749 2052.917607120874 2091.880032552669 2131.390662329844 2171.452447180265 2212.069491420856 2253.245693879823 2294.984802658023 2337.290511962307 2380.166384086967 2423.61555930277 2467.641633216207 2512.24574705131 2557.432598700389 2603.207045655799 2649.572906224855 2696.534221083072 2744.094179528259 2792.256195145772 2841.023208187997 2890.396980425696 2940.378877488363 2990.968662094853 3042.167503434863 3093.978558060533 3146.403889340101 3199.444260150078 3253.099498090537 3307.369285151114 3362.2532453133 3417.748680863064 3473.848407898206 3530.538678407707 3587.821363515905 3645.687159192305 3704.123853002873 3763.121134652697 3822.674348407706 3882.772628582395 3943.397536446192 4004.517464852094 4066.101347173021 4128.12837274625 4190.569431720457 4253.391049874937 4316.544251668472 4379.977118716878 4443.627353869381 4507.410014317211 4571.225609737572 4634.856784433896 4698.009491723368 4760.500404666072 4821.966618180195 4881.891998677997 4939.402766111118 4993.248921495147 5041.717383704049 5085.464557044344 5125.190434814597 5161.423462526056 5194.358694089294 5223.724850061928 5248.751516975052 5267.657895944471 5274.312255448993
 1452.318453997761 1455.285867897883 1460.783537188852 1467.451510027773 1474.95419870428 1483.140828089024 1491.920339843386 1501.229923478662 1511.030818203594 1521.299534676307 1532.013326916743 1543.157411087078 1554.72301174477 1566.708305488781 1579.110053861301 1591.92711071243 1605.157325658961 1618.79835103773 1632.85268417912 1647.323156504769 1662.212772618694 1677.526495792171 1693.269893804038 1709.449461855667 1726.069868265323 1743.134878420596 1760.650961973262 1778.627036180854 1797.073484579704 1816.000057928421 1835.41491769523 1855.325866509189 1875.742160133146 1896.672190390165 1918.125913219324 1940.113761733902 1962.647363945707 1985.739031211082 2009.401839314522 2033.649691366109 2058.494412478571 2083.948969111816 2110.027490616777 2136.745584092519 2164.117509885208 2192.158655244672 2220.884415876966 2250.309513140704 2280.449542319197 2311.320768269773 2342.939526950218 2375.323487049367 2408.490088759189 2442.457605701298 2477.245297848589 2512.871452862326 2549.355872520758 2586.717204767546 2624.97410919503 2664.145477299909 2704.251272044211 2745.311672946891 2787.344932569317 2830.373204757711 2874.419944952896 2919.504883085195 2965.644694932471 3012.854106711603 3061.148246644585 3110.546786507245 3161.06543573611 3212.715801713354 3265.507858426894 3319.448898909945 3374.538371978588 3430.768462174667 3488.126294273812 3546.596350856246 3606.152525349799 3666.744555231212 3728.252594861026 3790.616368193216 3853.776404958136 3917.657378285241 3982.202656575879 4047.207531461885 4112.58134728525 4178.200735189043 4243.895587948309 4309.511481641678 4374.842348554612 4439.039566667332 4502.465899971122 4564.778871527597 4625.522353059242 4684.246054731417 4740.297946217584 4792.73263783759 4839.712905312997 4876.130033601908 4887.499851594135
 467.5045451435039 467.966177903405 468.5928838931272 469.3237746929394 470.1463775718931 471.0576572668855 472.0538439817348 473.1338758006418 474.2980828646844 475.5464875389422 476.880051882169 478.2983265810039 479.8009837024583 481.3878980982066 483.0587621767943 484.8136347660492 486.6533826286837 488.5788381849501 490.5910582685133 492.6919012791773 494.8829994208577 497.1659224286972 499.5421312757558 502.0134225140619 504.5826866901951 507.2529537063885 510.0277644213597 512.9108086263193 515.9056646617855 519.0172139035499 522.2498519757063 525.6064569020824 529.0910901715189 532.7092652911441 536.4648563727089 540.3625055603019 544.4080896081666 548.6078291930521 552.9671223386407 557.491091739211 562.185312531093 567.0563468722407 572.1115846239451 577.3581800279188 582.8036153535061 588.4555892135104 594.3232465692518 600.4158386787242 606.7433142812315 613.3168276887376 620.1483208140864 627.2504150939756 634.6371095587421 642.322858024647 650.3238743246525 658.6557954593571 667.3354430782448 676.3810977806031 685.8138835301761 695.6542078272643 705.9225438801905 716.6408665184465 727.8337407608071 739.5278741862444 751.7512271230578 764.5340263345253 777.9088814822995 791.9094430026812 806.5719114236907 821.9357754161252 838.0445428287419 854.9444199763764 872.6862493409135 891.3253311537335 910.9219047365383 931.5408146473824 953.249099276059 976.1159203063802 1000.218066333662 1025.63807194538 1052.460011617547 1080.771758235477 1110.654968997436 1142.208590548828 1175.530197481212 1210.706776840214 1247.804813362181 1286.84742432183 1327.910645641343 1371.045476131563 1416.21307326866 1463.24554180172 1511.75551762454 1561.254884508155 1610.72788512437 1658.447965516277 1702.302939861391 1739.485546984738 1766.955478406319 1782.655143901948 1783.374594094531
 421.3728460752071 424.0794326143064 427.8968332886923 432.3721014019391 437.3864610754494 442.8659684930188 448.7563457948303 455.0190797187121 461.6266364479452 468.5601396210267 475.802380551646 483.3403051300552 491.1607472675178 499.2563429445702 507.6182053965334 516.2403648894053 525.1180742151201 534.2478866063911 543.6263476358968 553.2494974627297 563.1141493791234 573.2183961941408 583.5604344606564 594.1371604855727 604.9473249975081 615.9917560057421 627.2703087393809 638.7814262720307 650.5241915571065 662.4983824894878 674.703585936686 687.1384187950487 699.8018432162776 712.6950283524345 725.8181423977061 739.1707782686826 752.7518056563721 766.5592443218235 780.5923441445609 794.8517615404485 809.336828579758 824.0472863377661 838.9821905267016 854.1403578111542 869.5217057007687 885.1262830454491 900.9540220336007 917.0043622119871 933.2762162662063 949.7672091306788 966.4742542370548 983.3984560210846 1000.540777315348 1017.898920274033 1035.469979142405 1053.250682572679 1071.229636390332 1089.403288633813 1107.77224723125 1126.335861026992 1145.080195163054 1163.982378119415 1183.064131816634 1202.31875325026 1221.736743591747 1241.304124433441 1261.014150338623 1280.866860114647 1300.857329808113 1320.978415253768 1341.221320881125 1361.574789461882 1382.030520374246 1402.577337197263 1423.203268411066 1443.894959152908 1464.638071354075 1485.418291838103 1506.217670744203 1527.01598076644 1547.796154040117 1568.557321765021 1589.258392098747 1609.876375282486 1630.422480488049 1650.865853219368 1671.172215462707 1691.296519887366 1711.114180204266 1730.575324553388 1749.692075365757 1768.399211870765 1786.649550001002 1804.453953029858 1821.775558787495 1838.54740326929 1854.63815529217 1869.783963952885 1883.748516842379 1895.911547430343 1904.52769699778


