# Created by Octave 3.8.2, Wed Jul 20 11:36:04 2016 BST <sean@Dextrose>
# name: kurts
# type: matrix
# rows: 4
# columns: 101
 6.683989382939813 6.680230514305919 6.693291624702986 6.719978175958322 6.758392662098936 6.805420596034269 6.858858687341344 6.917237965548749 6.979671942415338 7.045720269626238 7.11457934001255 7.185837675418603 7.259364738330955 7.334741383673738 7.411684467711555 7.489986055077772 7.569435369708385 7.64984295947396 7.731066258143314 7.812945473500108 7.895329932792436 7.978104174007253 8.061158332910374 8.144409490745852 8.227812971378953 8.311325850496104 8.394910364548837 8.478488380990493 8.56197185263043 8.645312895087153 8.728439772296191 8.811300403586454 8.893857855333046 8.97606995319372 9.057901398189028 9.139328822776815 9.220345231055054 9.300930916921468 9.381051291793172 9.460685158621184 9.539817809419917 9.618438438182345 9.696536717348232 9.774101110234882 9.851116655381484 9.927581134227259 10.00349786213211 10.07885233146112 10.15363728080854 10.22783886330566 10.30144081524091 10.37443916017298 10.44683042536325 10.51861265023914 10.58978486743018 10.66034507166813 10.73029375904098 10.79963302940244 10.86835372517219 10.93645747949043 11.00394461979636 11.07081486449582 11.13706784042518 11.20271247309332 11.26774552382231 11.33216671985305 11.3959781319574 11.4591815673752 11.52177661786784 11.58376432209785 11.64514825322329 11.70593215445579 11.76611486279758 11.8256949756177 11.88467566163477 11.94306358459152 12.00086452352768 12.05808546310037 12.11473259323028 12.17081061015705 12.22632210862377 12.28126882083333 12.33565223696799 12.38947515790952 12.44274007594056 12.49544970195722 12.54760700644614 12.59921501652363 12.65027669602177 12.70079403545988 12.75076608573823 12.80019786597516 12.84909145049176 12.8974487367994 12.94527269850585 12.99256721570239 13.03933857639065 13.08559332413504 13.13133886294985 13.17658675272064 13.22135686078122
 9.474499004712603 9.474857463650514 9.477872726166776 9.483415555362605 9.491385581468156 9.501782480932697 9.514515363143726 9.529436779357171 9.546411378185708 9.565318942408016 9.586047610826272 9.608452484687541 9.632421269373367 9.657853244492982 9.684627484057133 9.712678567912587 9.741951897270553 9.772354894264119 9.803865356229029 9.836384824982538 9.869825243603694 9.904123741876925 9.939272205750713 9.975189072751283 10.01184770839996 10.04924322931459 10.08733142824754 10.12605203391717 10.16537505813665 10.2052818651404 10.24569135588514 10.28659139412526 10.32792485810804 10.36963753098709 10.41170510373268 10.45410096585393 10.49679730057679 10.53976251376244 10.58296434759337 10.62637223098434 10.66995649438568 10.71369871349944 10.75757468982956 10.80158405374213 10.84574603052978 10.89005882148522 10.93446368713709 10.97892424943898 11.02341394404112 11.06790982402935 11.11239598256507 11.15686413226488 11.2013100680253 11.24572375947423 11.29011340461031 11.33443149499733 11.37866842631784 11.42282028592767 11.46688658355383 11.51087041306653 11.55477428846192 11.59857558414019 11.64226416319795 11.68583239250736 11.72927924132065 11.77260449447504 11.81579037809104 11.85882854460353 11.90171290140823 11.94443770195105 11.98699812400156 12.0293924400738 12.07161826933103 12.11367304766887 12.155555339995 12.19726555852503 12.23880983230632 12.28019133530261 12.32141089488526 12.36247168323583 12.40336990071747 12.44409601531029 12.48463812321229 12.52498326768646 12.56512295492951 12.60505456749361 12.64477357429812 12.68427613696703 12.72355947636092 12.76261905225786 12.80144974600496 12.84004954996882 12.87841656482932 12.91654980974331 12.95444871388892 12.99211272535252 13.0295418970093 13.0667341680779 13.10369575052513 13.14042925511953 13.17693832071887
 12.30514142448195 12.30406916100535 12.30436893278836 12.30600241942018 12.30891401690801 12.31320871107556 12.31897153098064 12.32618014827688 12.3348279543112 12.3449774694169 12.35654830911811 12.36930642161376 12.3831948225161 12.39822502617623 12.41437222974264 12.43155323272498 12.44971337169577 12.46882806347585 12.48886152809529 12.50979462460087 12.53158761543928 12.55422341773165 12.5776797178531 12.60193442372049 12.62697106556755 12.65277724247069 12.67933639717031 12.70662839261799 12.73463365474807 12.76333694189861 12.7927193343464 12.82276270976357 12.85345429424685 12.88478649019421 12.91675849929788 12.94932343626824 12.98244437568666 13.01609782604674 13.05027053498457 13.08495825731657 13.12013902238604 13.15579924284371 13.19192104068106 13.22847698846624 13.26544781382874 13.30282196108293 13.3405821808021 13.37871100509772 13.41719735509491 13.45603177217596 13.49520368898586 13.53470496825509 13.57452866744889 13.61467413641114 13.65514252905922 13.695932758203 13.73704965506494 13.77849826411565 13.82026964084557 13.86233419128328 13.90469388398693 13.94733882050176 13.99024251273125 14.03338993566218 14.07677118645335 14.12037727189871 14.16420186147803 14.20823710687354 14.25247606988477 14.2969112665304 14.34153556861221 14.38634295658515 14.43132815638226 14.47648547025789 14.5218092214173 14.56729466705805 14.61293753212881 14.6587348626675 14.70468075334368 14.75077026608977 14.79699963562408 14.84336534424202 14.88986364670353 14.93649111288738 14.98324521064058 15.03012160545157 15.0771162621137 15.12422592369299 15.17144725542282 15.21877811511649 15.26621480872203 15.3137537822106 15.36139267857794 15.40912942185887 15.45696197582503 15.5048881666925 15.55290600869594 15.60101371146851 15.6492096462688 15.69749546170949 15.74586704148702
 7.560243523713096 7.560776149328817 7.561853873484136 7.563466792559975 7.565610838159784 7.56827019525039 7.571419402473684 7.575039826057858 7.579125185147247 7.583658332101296 7.588621651472862 7.593978570720005 7.599700811489623 7.605771638092825 7.612194053947553 7.618949480592355 7.626012175665734 7.633368801114996 7.641007513616176 7.648915706931668 7.657077504743769 7.665480834702071 7.674116339636052 7.682979121344621 7.692062461715036 7.701355660773977 7.710858706477637 7.720565733358356 7.730472970537219 7.740562645832562 7.750820375782416 7.761238651162051 7.771812401584848 7.782535285826106 7.793403296590488 7.804414099059692 7.815560099694286 7.826836780997238 7.838240684612073 7.849772322925594 7.861426200924564 7.873197905491234 7.885084365085041 7.897082559366288 7.909187132771923 7.921393654950123 7.933697775527839 7.946097034475175 7.95858609951726 7.97116168156277 7.983821471225726 7.99656364313547 8.009386222450891 8.022285905248559 8.035257861716593 8.048300776036212 8.061413117660637 8.074590807314804 8.087831873647769 8.1011357632902 8.114499247402108 8.127919678173306 8.141395888428821 8.154926721096592 8.168510369574358 8.182144888219829 8.195828729468351 8.209560636422536 8.223341303152331 8.237170204265949 8.251047208128103 8.264967178808439 8.278927656610737 8.292926861666087 8.306964349699099 8.321037446428299 8.335143605912101 8.349281397252833 8.363449713938268 8.377647598002886 8.391875033616831 8.406131703412951 8.42041570288786 8.434725602556954 8.449060390638479 8.463418926947705 8.477800029244941 8.492202624298928 8.506625648892964 8.521067814122786 8.535527845922525 8.550004574753277 8.564496891133601 8.579004397704256 8.593526080725599 8.608060656648885 8.622607379178508 8.637165758802423 8.651735123481771 8.666314576664949 8.680904471215623


