# Created by Octave 3.8.2, Wed Jul 20 10:42:29 2016 BST <sean@Dextrose>
# name: tri1s
# type: matrix
# rows: 4
# columns: 51
 0.1747574006724951 0.1449763872766426 0.1122388331221897 0.07922000364930895 0.05962206723120872 0.07735618639270064 0.1177051577697904 0.1628289161602592 0.2076392590335821 0.2505185524966886 0.2907534743961493 0.3280110842145113 0.3622023607326817 0.3933512536971717 0.421328519131332 0.4449874066218553 0.4630955477749211 0.4777360888093563 0.4901856793413517 0.5008934072416221 0.510120384988285 0.51806787804537 0.5249077132403721 0.5307914996300496 0.5358536900871398 0.5402127347514452 0.5439718653297075 0.5472200569229929 0.5500332694568573 0.5524758852708705 0.5546022125979954 0.5564579429020183 0.5580814887264965 0.5595051655123333 0.5607562078491739 0.5618576273159818 0.562828927699777 0.5636866966464402 0.5644450928956923 0.5651162467137502 0.5657105889166714 0.5662371215189582 0.566703640824623 0.5671169218226112 0.567482871088391 0.5678066540171305 0.5680928010898563 0.5683452969648365 0.5685676554553416 0.568762982868916 0.5689340317141527
 0.1558823849960669 0.1280777254489879 0.09963776955436934 0.07457097390987023 0.06431105147527968 0.07903606527856716 0.1086140526209883 0.1424312679328868 0.1765070205466696 0.2094290818835055 0.2405978882225482 0.2696922219680701 0.2965019483810016 0.3209022892359303 0.3428894461126692 0.3625980494441291 0.3802548746456472 0.3961044837559421 0.4103625160369191 0.42321874845437 0.4348594847773589 0.4454573714390762 0.4551540596181589 0.4640619330661453 0.4722720260445034 0.4798601219904365 0.4868906451483014 0.4934191757807331 0.4994941655747167 0.5051581719414737 0.5104487869601957 0.5153993623291371 0.5200395917409095 0.5243959895419892 0.5284922911966332 0.5323497928929046 0.5359876424666098 0.5394230904857163 0.542671708136187 0.5457475770589333 0.5486634552473545 0.5514309223644924 0.5540605072776726 0.5565618001739099 0.558943551272063 0.5612137578629776 0.563379741170833 0.5654482143271725 0.5674253425765786 0.569316796684572 0.5711278003902799
 0.06851831220031264 0.05863745812620416 0.05064400629550329 0.04683045643874271 0.04871751293046242 0.0553517709493412 0.0644316921101573 0.07414244638159093 0.08349375363862863 0.09204120635988045 0.09963647878232913 0.10628056287067 0.112043876702631 0.1170237379147472 0.1213224309164663 0.1250365946051567 0.1282527197687119 0.1310458125384368 0.1334796322821518 0.1356078695499068 0.1374760127646753 0.1391227802328796 0.1405806704080748 0.1418767253363855 0.143033536823454 0.14407008033054 0.1450023344755804 0.145843782472284 0.1466058393770159 0.14729820957934 0.1479291792575331 0.1485058538025462 0.1490343508552752 0.1495199579975596 0.1499672622538594 0.1503802569824301 0.1507624305158365 0.1511168399834008 0.1514461730395509 0.1517527996751486 0.1520388158625097 0.1523060804494268 0.152556246451642 0.1527907876811559 0.1530110214777114 0.153218128173819 0.1534131678129213 0.1535970945503936 0.1537707690938629 0.1539349694795138 0.1540904004320289
 0.4112402448532077 0.3724549042845242 0.3438453783254873 0.3346725788819654 0.3468809678224294 0.3730768224267932 0.4043022640825675 0.4350830311085732 0.4631118606699013 0.4877675014000242 0.5091476323679828 0.5276030990153048 0.543539042974221 0.557337680914704 0.5693332521829142 0.5798083056998009 0.5889980300639879 0.5970970142276599 0.6042660665827371 0.6106379252976869 0.6163214923562116 0.6214065997356928 0.6259703167278143 0.6300773051210401 0.6337848121210344 0.6371496326678959 0.6402192813046268 0.6430309631023901 0.6456150738342565 0.6479972394546498 0.650199393568213 0.652240464235363 0.6541368783747585 0.6559029586669021 0.6575512451469314 0.6590927593361013 0.6605372229929416 0.6618932404741625 0.663168451630718 0.6643696606530721 0.6655029451438386 0.6665737488331521 0.6675869606894294 0.6685469826624223 0.6694577878887457 0.6703229708655621 0.6711457908368291 0.6719292094246057 0.6726759233651417 0.6733883930679647 0.6740688675998899


