# Created by Octave 3.8.2, Mon Jul 25 10:46:55 2016 BST <sean@Dextrose>
# name: tri2s
# type: matrix
# rows: 4
# columns: 51
 0.003674631654080958 0.03725630542088189 0.06975289249151301 0.09720620349667544 0.1201037542967118 0.1391071839947206 0.1549065972345241 0.1681565678511404 0.1793931184614629 0.1890237436219394 0.197356046020655 0.2046254425983468 0.2110149637877747 0.2166689090954061 0.2217024255018319 0.226208381418371 0.2302623986318802 0.2339265962590282 0.2372524145282353 0.2402827697264826 0.2430537160314896 0.2455957393299106 0.2479347734094304 0.2500930046524397 0.2520895141421887 0.253940793716951 0.2556611635140711 0.2572631119458302 0.2587575741626181 0.2601541614108639 0.2614613509476706 0.2626866440912854 0.2638366983937617 0.2649174386943624 0.2659341508584154 0.266891561259917 0.2677939044783502 0.2686449812147719 0.2694482080622521 0.2702066604707791 0.2709231100111392 0.2716000568538139 0.2722397582280112 0.272844253504836 0.2734153864511008 0.2739548251212414 0.274464079789988 0.2749445192741994 0.2753973859454567 0.2758238096928293 0.2762248210552014
 0.001378927552458638 0.01837678131728359 0.03599953462096733 0.05281824741255567 0.06883574193794789 0.08407132208906504 0.09854946756149409 0.1122969738478312 0.1253420354793729 0.1377141538027944 0.1494442384042041 0.1605644613460674 0.1711077144671968 0.1811068050174887 0.1905936356640683 0.1995985492233111 0.2081498964905459 0.216273800952742 0.2239940650629047 0.2313321685246191 0.238307327986072 0.2449366082066616 0.251235092897352 0.2572161366576076 0.2628917234997018 0.2682729454181927 0.2733705802677146 0.2781956955659874 0.2827601560775922 0.2870769043136099 0.2911599376400161 0.2950240047144779 0.2986841323878191 0.3021551248078319 0.3054511460246852 0.3085854386643953 0.3115701793604638 0.3144164426923423 0.3171342375725804 0.3197325844584656 0.3222196104548838 0.3246026477733195 0.3268883274166597 0.3290826642251146 0.3311911319888255 0.333218728741394 0.3351700330323815 0.3370492522405599 0.3388602640273095 0.340606651956699 0.3422917361906536
 0.0423008404347231 0.345835439700121 0.4244030674317322 0.4588822767531849 0.4780854604461081 0.4902428195055755 0.4985788309818174 0.504616265346715 0.5091663957533303 0.512699880365013 0.5155084335974349 0.5177824869752903 0.5196515764323333 0.521206868665216 0.5225145406779694 0.5236240275815767 0.5245730571574971 0.5253907861992843 0.5260999759875119 0.5267186008814171 0.5272610279116128 0.5277388718087143 0.528161617924356 0.5285370823985315 0.5288717574362618 0.5291710741625433 0.529439605305259 0.5296812232513399 0.5298992245734574 0.5300964290973492 0.5302752594488283 0.5304378054788464 0.5305858768423657 0.5307210461934329 0.5308446848723171 0.5309579925352063 0.5310620218636861 0.5311576992560082 0.5312458422222149 0.5313271740652555 0.5314023363197609 0.5314718993318593 0.5315363712922336 0.5315962059770152 0.5316518094045393 0.5317035455784298 0.5317517414573025 0.5317966912671175 0.5318386602526937 0.5318778879490996 0.5319145910407685
 0.001886267502265171 0.02641249349845874 0.05108333759030753 0.07397767739727953 0.09520060009949738 0.1148832325946831 0.1331583432271146 0.1501521416442986 0.1659811306652201 0.1807512214195573 0.1945579104667358 0.2074869377122905 0.2196151341771663 0.2310113130121987 0.2417371313281109 0.2518478893555269 0.2613932540694756 0.2704179052292931 0.2789621072556762 0.2870622128994019 0.2947511055820634 0.3020585873552416 0.3090117190528965 0.3156351186402395 0.3219512231230122 0.327980518745138 0.3337417436061794 0.3392520662890174 0.3445272436075498 0.3495817601628443 0.3544289520299498 0.3590811165810028 0.3635496101775904 0.3678449352309563 0.3719768179273745 0.3759542777432519 0.3797856897261901 0.3834788403907788 0.3870409779682985 0.3904788576551366 0.3937987824233687 0.3970066398867128 0.4001079356543283 0.4031078235523278 0.4060111330472331 0.4088223941659605 0.4115458601723981 0.4141855282305564 0.4167451582579855 0.4192282901501733 0.4216382595364903


