# Created by Octave 3.8.2, Mon Jul 25 10:52:54 2016 BST <sean@Dextrose>
# name: inharms
# type: matrix
# rows: 4
# columns: 21
 0.0003299990445807366 0.003363426640017004 0.006396854235452774 0.009430281830888895 0.01246370942632442 0.01549713702176051 0.0185305646171967 0.02156399221263242 0.02459741980806895 0.02763084740350459 0.03066427499894075 0.03369770259437679 0.03673113018981249 0.03976455778524853 0.04279798538068465 0.04583141297612064 0.04886484057155673 0.05189826816699258 0.05493169576242888 0.05796512335786456 0.06099855095330061
 0.0009876692213896848 0.004525126446948005 0.008062583672506191 0.01160004089806468 0.01513749812362277 0.01867495534918119 0.02221241257473949 0.02574986980029777 0.02928732702585617 0.03282478425141439 0.0363622414769727 0.039899698702531 0.04343715592808928 0.0469746131536477 0.05051207037920587 0.05404952760476429 0.05758698483032251 0.06112444205588079 0.06466189928143901 0.06819935650699749 0.07173681373255571
 0.01114450269000094 0.01439661557345545 0.0176487284569097 0.02090084134036479 0.02415295422381942 0.02740506710727396 0.03065717999072827 0.03390929287418271 0.03716140575763788 0.040413518641092 0.0436656315245466 0.04691774440800085 0.05016985729145559 0.05342197017491048 0.05667408305836494 0.05992619594181948 0.06317830882527375 0.06643042170872818 0.06968253459218306 0.07293464747563813 0.07618676035909235
 0.01332048767398788 0.01361491024372932 0.01390933281347073 0.01420375538321221 0.01449817795295361 0.01479260052269503 0.01508702309243645 0.01538144566217788 0.01567586823191936 0.01597029080166077 0.01626471337140221 0.01655913594114364 0.01685355851088506 0.01714798108062655 0.01744240365036797 0.01773682622010937 0.01803124878985079 0.01832567135959222 0.01862009392933368 0.0189145164990751 0.01920893906881653


