# Created by Octave 3.8.2, Wed Jul 20 11:34:15 2016 BST <sean@Dextrose>
# name: spreads
# type: matrix
# rows: 4
# columns: 101
 14961119.55928931 14963078.81075006 14927553.45093463 14861331.72625734 14769192.39820402 14658738.37300851 14535297.50874672 14402564.89969776 14263006.84802676 14118004.90583889 13969639.31193372 13819021.60760987 13666724.28685602 13513747.0211125 13360741.48950887 13208174.05291463 13056492.04426051 12906051.36989626 12757117.41052238 12609971.86314847 12464844.5005806 12321885.10748264 12181215.96820506 12042909.02613063 11906989.10321526 11773470.38228311 11642350.55663573 11513666.34637483 11387459.99806978 11263723.04293219 11142463.98411248 11023668.02079583 10907298.07300515 10793328.9258802 10681728.72186128 10572452.20655775 10465442.27901209 10360653.0417457 10258051.78458413 10157594.5794903 10059234.96524796 9962923.67743909 9868610.148763342 9776246.573752798 9685787.297533786 9597178.545879668 9510368.981179686 9425320.001300707 9341988.717285533 9260339.9189966 9180338.506093657 9101941.81290807 9025108.84100621 8949799.813466918 8875975.256603649 8803596.821668031 8732626.001281228 8663024.57706706 8594762.142883193 8527804.595446382 8462119.31207308 8397674.494884843 8334438.661717453 8272376.617992479 8211463.017797587 8151669.981339065 8092969.152807323 8035333.599155727 7978738.172992673 7923157.73764676 7868567.100261172 7814941.34563314 7762258.314082364 7710496.564803718 7659633.89296965 7609647.686460391 7560515.660121947 7512215.744610995 7464727.373117096 7418031.204830563 7372109.255696337 7326944.458663229 7282520.421591204 7238820.797185953 7195829.62306302 7153531.28801484 7111910.569442263 7070952.661221705 7030643.222336551 6990968.693994203 6951916.948975427 6913474.448354847 6875628.932600515 6838368.447701772 6801680.577011972 6765553.030547224 6729973.38091848 6694929.252530651 6660407.884123831 6626395.192354029 6592873.500105744
 11978951.81997349 11977986.20822334 11973269.76969545 11964972.30141906 11953237.68797743 11938117.46302982 11919768.00610599 11898407.05343702 11874237.12307503 11847441.14743315 11818199.9247096 11786735.98972299 11753237.84134038 11717862.23080073 11680793.8347407 11642154.3680369 11602064.57721582 11560667.48163513 11518028.4458238 11474283.57417001 11429571.25077073 11383989.2446373 11337581.72804921 11290456.08405616 11242670.42409999 11194251.19422835 11145273.31621455 11095823.70369017 11045953.4539385 10995699.37865293 10945165.28058162 10894378.72218739 10843416.49838109 10792346.71730442 10741205.26033949 10690028.23310475 10638848.99342716 10587702.76118715 10536631.99785015 10485674.03088114 10434860.36819895 10384213.78044765 10333757.64243956 10283496.36478253 10233414.73950031 10183514.14992895 10133850.92891413 10084459.37629535 10035362.64166483 9986579.075842341 9938119.998367539 9889990.647078449 9842189.989679635 9794728.604793677 9747601.029601429 9700836.923379522 9654441.22928915 9608415.588684924 9562758.508588457 9517464.474541489 9472526.332548184 9427961.124378869 9383772.258389056 9339960.934978411 9296524.678843128 9253459.335021952 9210771.403657084 9168463.397136329 9126535.739924477 9084987.880969262 9043818.756342512 9003026.223640347 8962607.827916311 8922560.823678605 8882881.81132916 8843566.714350665 8804608.214887051 8766000.456041278 8727739.181857241 8689819.444715258 8652240.044374602 8615002.617987078 8578109.704449894 8541563.525376327 8505364.563148798 8469511.880447915 8434004.017199406 8398839.065306431 8364014.705124415 8329528.956820507 8295380.235529542 8261565.788727769 8228082.571816325 8194927.09721304 8162095.757256916 8129584.964002088 8097390.948228212 8065510.059889998 8033936.809258476 8002666.447244539 7971693.427037626
 5411404.714679051 5411682.023232751 5411419.375102896 5410631.645208079 5409339.009002659 5407502.40769129 5405090.713966525 5402114.709122382 5398580.479496956 5394467.923557571 5389809.302446278 5384692.261181375 5379140.195799118 5373150.48657075 5366734.487302665 5359927.394512007 5352752.920470419 5345223.221048475 5337353.121653871 5329151.597187576 5320635.804569967 5311814.801811829 5302701.652177588 5293308.800160791 5283645.996668136 5273721.668195131 5263545.375317928 5253128.222751113 5242480.391466362 5231610.590719073 5220528.861455354 5209243.982382907 5197762.815396218 5186091.347420694 5174233.089030751 5162207.492607757 5150030.229719253 5137712.127443415 5125260.025951253 5112678.114411741 5099976.262817927 5087161.049917885 5074240.39476523 5061225.342758003 5048123.925300289 5034941.022716679 5021684.315348236 5008361.746317925 4994978.545765305 4981539.184172719 4968048.528363725 4954510.567490011 4940928.881713397 4927304.905176968 4913639.037164764 4899932.582522478 4886185.813288265 4872398.576158007 4858574.582617386 4844723.800100054 4830847.413256466 4816949.335532547 4803038.363696253 4789120.129691554 4775198.352343503 4761276.233820179 4747356.340372926 4733441.685679256 4719535.024095526 4705639.232911731 4691756.981483558 4677890.513669744 4664041.778669453 4650212.81223399 4636405.566250971 4622621.726039276 4608862.752764235 4595129.537042611 4581424.069247622 4567747.952697776 4554102.309365162 4540488.148264917 4526906.619577699 4513358.789532105 4499845.518664812 4486368.122286689 4472927.782910596 4459525.394368162 4446161.840094415 4432837.654235796 4419553.76772955 4406311.054766949 4393110.072021354 4379951.289591222 4366835.136702642 4353762.050081874 4340732.394293669 4327746.468876072 4314804.546924534 4301906.000808252 4289051.7814177
 8927826.707831586 8927279.63576748 8926130.935103837 8924392.015895775 8922068.244656039 8919176.244420661 8915744.943162475 8911796.871094562 8907340.94199455 8902397.19212383 8896986.646776965 8891148.343403878 8884913.689440263 8878303.018474227 8871315.651474468 8863973.064530728 8856303.16485787 8848321.086475939 8840041.139694149 8831478.050559014 8822650.217239341 8813570.991988329 8804251.408728642 8794697.969752971 8784920.102676518 8774930.433030255 8764731.657509541 8754331.174612746 8743734.171078919 8732959.465988571 8722022.745289616 8710932.496753514 8699694.726902435 8688317.044743983 8676804.857538167 8665161.109430997 8653394.221380705 8641509.70863438 8629512.012376087 8617401.905360423 8605186.491028061 8592870.896615842 8580459.130696841 8567954.601859009 8555363.78199655 8542691.913523642 8529943.921819411 8517122.982134402 8504234.819964698 8491283.087145634 8478270.481064674 8465199.221803915 8452072.128862932 8438893.24466918 8425667.482616331 8412396.618338689 8399082.603850672 8385729.65099973 8372340.094916812 8358915.342338614 8345458.737273972 8331973.121626651 8318460.081404924 8304921.257758674 8291358.763537021 8277774.835668344 8264171.23039265 8250549.506085481 8236909.686257668 8223252.547384252 8209578.481536618 8195892.113286897 8182196.182681565 8168492.862017189 8154783.051959953 8141069.260762274 8127353.834076505 8113638.244752664 8099923.728456584 8086211.301430249 8072501.240008837 8058794.026509722 8045091.530831004 8031395.224851907 8017706.13682965 8004025.351217977 7990353.960557625 7976692.91629612 7963043.14540287 7949405.789707353 7935781.942976055 7922172.61735193 7908578.817011268 7895000.863611347 7881439.616083784 7867896.429972671 7854371.987035815 7840866.662112894 7827380.976017254 7813915.696073888 7800470.527417721


