# Created by Octave 3.8.2, Wed Jul 20 10:44:12 2016 BST <sean@Dextrose>
# name: tri3s
# type: matrix
# rows: 4
# columns: 51
 0.3148585517427889 0.314619517008855 0.3225937818377353 0.3345504902116997 0.3487468074000468 0.3639915832792156 0.3795665163402874 0.3950996427579818 0.4103993239458674 0.4253571354792967 0.4398969246156663 0.4539422393143873 0.4673868017134637 0.4800676209638458 0.4917793400891434 0.5024063540280419 0.5120888620945435 0.5211581100692394 0.5299266987428819 0.5385754881557741 0.5471459901284098 0.55558794417498 0.5638215111225537 0.5717786499773121 0.5794165155898248 0.5867151441852599 0.5936707820786246 0.6002898258710586 0.6065844999674634 0.6125700601127964 0.6182630687925401 0.6236803632321145 0.6288384555141415 0.6337531982495261 0.6384396122113808 0.6429118120826605 0.6471829909904681 0.651265439546266 0.6551705843650035 0.6589090367610131 0.6624906458849618 0.6659245528025685 0.6692192434253659 0.6723825990946013 0.6754219441819824 0.6783440904243762 0.6811553779288794 0.683861712917699 0.6864686023597473 0.6889811856776077 0.6914042637375152
 0.5351326468251537 0.5364344201692387 0.5382378722830291 0.5405319660234617 0.5432794581918026 0.5464075820817076 0.5498275475953874 0.5534591839782759 0.557239538969501 0.5611207274605226 0.5650657420296021 0.5690452333242709 0.5730354431929378 0.5770169089938091 0.5809736171379289 0.5848924101290904 0.5887625393899191 0.5925753067955661 0.5963237650049193 0.6000024607476606 0.6036072123128052 0.6071349159553443 0.6105833775893779 0.6139511669099572 0.617237491463079 0.6204420884006883 0.6235651318240371 0.626607153778411 0.6295689771280268 0.6324516587113699 0.6352564413492361 0.6379847134446677 0.6406379750712998 0.6432178095914144 0.6457258599756991 0.6481638091129498 0.6505333635001084 0.6528362397920158 0.6550741537672161 0.6572488113323693 0.6593619012445723 0.6614150892793729 0.6634100136135914 0.6653482812272461 0.6672314651587781 0.669061102473174 0.6708386928241439 0.6725656975097944 0.6742435389367626 0.6758736004209162 0.6774572262638893
 0.07541895852486719 0.07599848170835154 0.07733501210289015 0.0793704033787572 0.08199954301583239 0.08512051780010227 0.08863260258373722 0.09242391974850639 0.09643645654243477 0.1005520328044509 0.1046872559188328 0.1088006220770178 0.112861846385593 0.1168426891336333 0.1207165972988864 0.1244619530746005 0.1280633854399864 0.1315109941804223 0.1347991813725466 0.1379258543589509 0.1408921064686389 0.1437012616121275 0.1463564452463897 0.148861480951301 0.1512218588359215 0.1534440761920591 0.1555351085398725 0.1575020762649612 0.1593520015952456 0.1610916709524858 0.1627276092365545 0.1642660947978024 0.1657131609768278 0.1670745839934424 0.1683558684090077 0.169562235099 0.1706986132051383 0.1717696368085391 0.1727796467835197 0.1737326977592211 0.1746325694072545 0.1754827806864774 0.1762866054310128 0.1770470877597072 0.1777670561834827 0.1784491362279378 0.1790957627631038 0.1797091934963007 0.1802915233428741 0.180844698026546 0.1813705259458676
 0.2096851779204454 0.2143241043698242 0.2330245774502571 0.2566517936956662 0.2808346893833365 0.3038468883357637 0.325086068668329 0.3444281771978892 0.3619499555866507 0.377803363434847 0.3921596910310536 0.4051855959860466 0.4170337175204304 0.4278399058308815 0.4377233725105519 0.446788035090313 0.4551242513231775 0.4628105776314663 0.4699153964594489 0.4764983578593365 0.4826116276263651 0.4883009548256407 0.4936065791347833 0.4985639998920576 0.503204627502302 0.507556335578257 0.5116439296727913 0.5154895460448611 0.519112991742666 0.5225320354219943 0.5257626567386003 0.5288192608327057 0.5317148633268718 0.5344612503511991 0.5370691173606934 0.5395481898914187 0.5419073288915789 0.5441546228416304 0.5462974685280283 0.5483426420451532 0.5502963613587046 0.5521643415626778 0.553951843793853 0.5556637186267588 0.5573044446535934 0.5588781628537404 0.5603887072731598 0.5618396324624594 0.5632342380617436 0.5645755908686361 0.5658665446817293


