# Created by Octave 3.8.2, Wed Jul 27 15:11:24 2016 BST <sean@Dextrose>
# name: skews
# type: matrix
# rows: 4
# columns: 41
 11.45785979582681 10.60959176097381 9.824223152216158 9.097940507618612 8.427252708635228 7.808840164681103 7.239438751327916 6.71584884660065 6.234944363144236 5.793664368080417 5.389045786160026 5.018250186212209 4.678575821295715 4.367468561461108 4.082536424465212 3.821536714652554 3.582392877312751 3.36318755789376 3.162170279304869 2.977742214181708 2.808450831595544 2.652992846110466 2.510196157664675 2.379005753634129 2.258459470482021 2.147673692738489 2.045816559118053 1.952080305923307 1.865717961650786 1.786048319355235 1.712470680284234 1.644460852358206 1.58157569288916 1.523432560533758 1.469720653263213 1.420297101590417 1.375370938740989 1.334949840870662 1.297956563266552 1.263593041023902 1.231522080104988
 9.776568014944331 8.931308251542699 8.168093047565065 7.479279279932566 6.858243406352916 6.299093948700006 5.796502885286271 5.345593787289638 4.941869588916781 4.581172946967353 4.259657006498586 3.973761953931627 3.720191353330238 3.495890245886103 3.298025167021791 3.123962565267036 2.971254882830082 2.837629507884936 2.720977131575594 2.619350110658822 2.530959001768562 2.454170742398211 2.387506824857074 2.329626094614926 2.279311026357258 2.235482900110317 2.197208835780619 2.163684594233692 2.134220579466205 2.108228795793488 2.085207793090207 2.064715601835298 2.046355033471623 2.029765513669773 2.014633215460155 2.000727083406188 1.987921102614002 1.976153807780574 1.965373718685302 1.955518485838947 1.946519334934746
 14.80987157765795 14.0793716290908 13.32635903179699 12.5634285932807 11.80228648559845 11.05341422170281 10.32551559857487 9.625371307143713 8.957783913060693 8.32599334092461 7.731986834311671 7.176477458815879 6.659232155324175 6.17944147350572 5.73583668940308 5.326846997221327 4.950796236123317 4.605862827111988 4.290259796598415 4.002208918352017 3.740008013745149 3.502037810204515 3.286770655583592 3.092724364242026 2.918520229100271 2.762889148620004 2.624665728872474 2.50268793365015 2.39570309439036 2.302686970980536 2.222569808267712 2.154051798619842 2.095798463160219 2.046776917734554 2.006018187982676 1.972204638424432 1.944106353779665 1.920760514244876 1.901307973628171 1.885095952010224 1.871596384191814
 22.95377236697342 20.05037499737726 17.34867810571442 14.92395357125045 12.79692879517607 10.95678425542783 9.377118327424485 8.027530484796891 6.877452173611792 5.899556915567659 5.070040185399442 4.368361625273206 3.777210485031566 3.282153195496758 2.871271961017827 2.534755859691602 2.264389351488854 2.052944633038515 1.89352898270876 1.779040732807287 1.701915687635434 1.654282790644237 1.628443971957899 1.617448479145818 1.615453782014642 1.618076835173964 1.622586591266313 1.627377336270599 1.631603211860726 1.634850861641882 1.636975898141709 1.638141556726684 1.638729351952669 1.639029213292522 1.639202795049091 1.639317157504406 1.639403469827973 1.639475947033423 1.639537930697288 1.639592533506847 1.639640237957886


